Object Ana
{
    vertexes (0.123 0.234 0.345 1.0) (0.15 0.35 0.24 1.0) (0.24 0.78 0.67) (0.3 0.2 0.5 1.0) (0.5
    0.7 0.8) (0.1 0.2 0.9 1.0) (1.5 2.0 3.6 9.2) (4.6 2.0 9.5 1.8) (1.4 5.2 7.3 6.3)
    faces 1 2 3; 2 3 4; 3 4 5; 4 5 6; 7 8 9; 9 1 2; 5 1 4; 9 3 6; 1 4 5;
    Object Maria
    {
        vertexes (0.123 0.234 0.345 1.0) (0.15 0.35 0.24 1.0) (0.24 0.78 0.67) (0.3 0.2 0.5 1.0) (0.5
        0.7 0.8) (0.1 0.2 0.9 1.0)
        faces 1 2 3; 2 3 4; 3 4 5; 4 5 6;
        texture (0.2 0.3) (0.3 0.4) (0.6 0.88) (0.35 0.28) (0.55 0.77) (0.11 0.12)
        img cubic.png
        Object Monica
        {
            vertexes (0.24 0.78 0.67) (0.3 0.2 0.5 1.0) (0.5 0.7 0.8) (0.1 0.2 0.9 1.0)
            (0.1 0.2 0.3)
            faces 1 2 3; 2 3 4; 3 4 1; 5 1 4; 5 2 4; 5 3 4;
        }
    }
    Object Mihai
    {
        vertexes (0.3 0.2 0.5 1.0) (0.5 0.7 0.8) (0.1 0.2 0.9 1.0)
        faces 3 2 1;
        texture (0.1 0.2) (0.2 0.3) (0.3 0.4)
        img round.png
        Object Marin
        {
            vertexes (0.24 0.78 0.67) (0.3 0.2 0.5 1.0) (0.5 0.7 0.8) (0.1 0.2 0.9 1.0)
            faces 1 2 3; 2 3 4; 3 4 1; 4 1 3; 2 1 4;
        }
        Object Neacsu
        {
            vertexes (0.24 0.78 0.67) 
            faces 1 2 3; 2 3 4; 3 4 1;
            texture (0.1 0.2) (0.2 0.3) (0.3 0.4) (0.4 0.5)
            img box.img
            Object Robert
            {
                vertexes (0.24 0.78 0.67) (0.3 0.2 0.5 1.0)
                faces 1 2;
            }
        }
    } 
    Object Andrei
    {
        vertexes (0.15 0.35 0.24 1.0) (0.24 0.78 0.67) (0.3 0.2 0.5 1.0)
        faces 2 3 1;
        texture (0.1 0.2) (0.2 0.3) (0.3 0.4)
        img rabbit.img
        Object Livia
        {
            vertexes (0.24 0.78 0.67) (0.3 0.2 0.5 1.0) (0.5 0.7 0.8) (0.1 0.2 0.9 1.0) (
            1.2 1.0 0.9)
            faces 1 2 3; 2 3 4; 3 4 1;
        }
    }
}