Object o1
{
    vertexes (0.123 0.234 0.345 1.0) (0.15 0.35 0.24 1.0) (0.24 0.78 0.67) (0.3 0.2 0.5 1.0) (0.5
    0.7 0.8) (0.1 0.2 0.9 1.0)
    faces 1 2 3; 2 3 4; 3 4 5; 4 5 6;
    texture (0.2 0.3) (0.3 0.4) (0.6 0.88) (0.35 0.28) (0.55 0.77) (0.11 0.12)
    img mytexture1.img
    Object o2
    {
        vertexes (0.3 0.2 0.5 1.0) (0.5 0.7 0.8) (0.1 0.2 0.9 1.0)
        faces 3 2 1;
        texture (0.1 0.2) (0.2 0.3) (0.3 0.4)
        img mytexture2.img
        Object o3
        {
            vertexes (0.24 0.78 0.67) (0.3 0.2 0.5 1.0) (0.5 0.7 0.8) (0.1 0.2 0.9 1.0)
            faces 1 2 3; 2 3 4; 3 4 1;
            texture (0.1 0.2) (0.2 0.3) (0.3 0.4) (0.4 0.5)
            img mytexture3.img
            Object o6
            {
                vertexes (0.24 0.78 0.67) (0.3 0.2 0.5 1.0) (0.5 0.7 0.8) (0.1 0.2 0.9 1.0)
                faces 1 2 3; 2 3 4; 3 4 1;
                texture (0.1 0.2) (0.2 0.3) (0.3 0.4) (0.4 0.5)
                img mytexture6.img
            }
            Object o7
            {
                vertexes (0.24 0.78 0.67) (0.3 0.2 0.5 1.0)
                faces 1 2;
                texture (0.1 0.2) (0.2 0.3) (0.3 0.4) (0.4 0.5)
                img mytexture7.img
            }
        }
    } 
    Object o4
    {
        vertexes (0.15 0.35 0.24 1.0) (0.24 0.78 0.67) (0.3 0.2 0.5 1.0)
        faces 2 3 1;
        texture (0.1 0.2) (0.2 0.3) (0.3 0.4)
        img mytexture4.img
    }
    Object o85
    {
        vertexes (0.24 0.78 0.67) (0.3 0.2 0.5 1.0) (0.5 0.7 0.8) (0.1 0.2 0.9 1.0)
        faces 1 2 3; 2 3 4; 3 4 1;
    }
}
Object o5
{
    vertexes (0.123 0.234 0.345 1.0) (0.15 0.35 0.24 1.0) (0.24 0.78 0.67) (0.3 0.2 0.5 1.0) (0.5
    0.7 0.8) (0.1 0.2 0.9 1.0)
    faces 1 2 3; 2 3 4; 3 4 5; 4 5 6;
    texture (0.2 0.3) (0.3 0.4) (0.6 0.88) (0.35 0.28) (0.55 0.77) (0.11 0.12)
    img mytexture5.img
    Object o9
    {
        vertexes (0.24 0.78 0.67) (0.3 0.2 0.5 1.0) (0.5 0.7 0.8) (0.1 0.2 0.9 1.0)
        (0.1 0.2 0.3)
        faces 1 2 3; 2 3 4; 3 4 1; 5 1 4; 5 2 4; 5 3 4;
    }
}